function mpc = case300
%CASE300

%% MATPOWER Case Format : Version 2
mpc.version = '2';

%%-----  Power Flow Data  -----%%
%% system MVA base
mpc.baseMVA = 100;

%% bus data
%	bus_i	type	Pd	Qd	Gs	Bs	area	Vm	Va	baseKV	zone	Vmax	Vmin	lam_P	lam_Q	mu_Vmax	mu_Vmin
mpc.bus = [
	1	1	90	49	0	0	1	1.04297572	14.2439174	115	1	1.06	0.94	38.6674	0.1385	0.0000	0.0000;
	2	1	56	15	0	0	1	1.04888646	15.9753742	115	1	1.06	0.94	38.3253	0.1880	0.0000	0.0000;
	3	1	20	0	0	0	1	1.01286799	15.3027553	230	1	1.06	0.94	38.9289	0.2704	0.0000	0.0000;
	4	1	0	0	0	0	1	1.04724253	13.8454846	345	1	1.06	0.94	39.0475	0.3039	0.0000	0.0000;
	5	1	353	130	0	0	1	1.03501206	13.0583183	115	1	1.06	0.94	38.9234	0.2218	0.0000	0.0000;
	6	1	120	41	0	0	1	1.04539448	15.3027995	115	1	1.06	0.94	38.5246	0.2107	0.0000	0.0000;
	7	1	0	0	0	0	1	1.00882138	14.7820427	230	1	1.06	0.94	38.9210	0.2611	0.0000	0.0000;
	8	2	63	14	0	0	1	1.03212478	11.2945858	115	1	1.06	0.94	39.2179	0.4409	0.0000	0.0000;
	9	1	96	43	0	0	1	1.02413677	11.2965015	115	1	1.06	0.94	39.2986	0.3823	0.0000	0.0000;
	10	2	153	33	0	0	1	1.0397375	9.95038226	230	1	1.06	0.94	39.1928	0.2519	0.0000	0.0000;
	11	1	83	21	0	0	1	1.03055596	10.924592	115	1	1.06	0.94	39.2419	0.3351	0.0000	0.0000;
	12	1	0	0	0	0	1	1.012479	13.7443748	230	1	1.06	0.94	39.1291	0.1974	0.0000	0.0000;
	13	1	58	10	0	0	1	1.01971783	8.09379609	115	1	1.06	0.94	39.9855	0.3853	0.0000	0.0000;
	14	1	160	60	0	0	1	1.01275352	5.46064242	115	1	1.06	0.94	40.9463	0.6991	0.0000	0.0000;
	15	1	126.7	23	0	0	1	1.04058587	2.9275363	115	1	1.06	0.94	41.0156	0.1791	0.0000	0.0000;
	16	1	0	0	0	0	1	1.04729408	8.2887597	345	1	1.06	0.94	40.3000	0.2108	0.0000	0.0000;
	17	1	561	220	0	0	1	1.05999939	0.102483503	115	1	1.06	0.94	43.5148	0.0000	250.6083	0.0000;
	19	1	0	0	0	0	1	0.999659895	10.0522809	230	1	1.06	0.94	39.9075	0.3875	0.0000	0.0000;
	20	2	605	120	0	0	1	1.01975658	6.3007352	115	1	1.06	0.94	40.2225	0.3488	0.0000	0.0000;
	21	1	77	1	0	0	1	0.991355441	10.2564501	230	1	1.06	0.94	39.9011	0.3567	0.0000	0.0000;
	22	1	81	23	0	0	1	1.01352871	6.60320291	115	1	1.06	0.94	40.4270	0.3802	0.0000	0.0000;
	23	1	21	7	0	0	1	1.0599999	11.8176289	115	1	1.06	0.94	37.9404	-0.5451	1650.1811	0.0000;
	24	1	0	0	0	0	1	1.01499941	14.0022681	230	1	1.06	0.94	38.7485	0.0000	0.0000	0.0000;
	25	1	45	12	0	0	1	1.03486728	9.43070942	115	1	1.06	0.94	39.4548	-0.2436	0.0000	0.0000;
	26	1	28	9	0	0	1	1.01249761	6.45154657	115	1	1.06	0.94	41.2977	-0.1196	0.0000	0.0000;
	27	1	69	13	0	0	1	0.991517614	3.60357863	115	1	1.06	0.94	42.4799	0.2627	0.0000	0.0000;
	33	1	55	6	0	0	1	1.04239609	-0.467639548	115	1	1.06	0.94	41.2134	0.0788	0.0000	0.0000;
	34	1	0	0	0	0	1	1.05438556	4.52290228	345	1	1.06	0.94	41.0137	0.0536	0.0000	0.0000;
	35	1	0	0	0	0	1	1.01344807	-4.20666702	115	1	1.06	0.94	42.1390	0.2728	0.0000	0.0000;
	36	1	0	0	0	0	1	1.03582414	-2.43287159	230	1	1.06	0.94	42.1396	0.1287	0.0000	0.0000;
	37	1	85	32	0	0	1	1.03843093	-0.304957629	115	1	1.06	0.94	41.3541	0.1315	0.0000	0.0000;
	38	1	155	18	0	0	1	1.03841478	-1.03994563	115	1	1.06	0.94	41.3959	0.1044	0.0000	0.0000;
	39	1	0	0	0	0	1	1.05999976	6.8236149	345	1	1.06	0.94	40.6477	0.0000	661.0216	0.0000;
	40	1	46	-21	0	0	1	1.04033121	-1.24702423	115	1	1.06	0.94	41.5595	0.0544	0.0000	0.0000;
	41	1	86	0	0	0	1	1.04675874	0.582182981	115	1	1.06	0.94	40.9137	0.0552	0.0000	0.0000;
	42	1	0	0	0	0	1	1.05773224	5.13414869	345	1	1.06	0.94	40.8770	0.0318	0.0000	0.0000;
	43	1	39	9	0	0	1	1.02364238	-3.42060287	115	1	1.06	0.94	42.3388	0.1229	0.0000	0.0000;
	44	1	195	29	0	0	1	1.03436713	-2.57285609	115	1	1.06	0.94	41.5762	-0.0000	0.0000	0.0000;
	45	1	0	0	0	0	1	1.04985182	0.325444144	230	1	1.06	0.94	41.4749	-0.0576	0.0000	0.0000;
	46	1	0	0	0	0	1	1.05735564	2.73279413	345	1	1.06	0.94	41.4115	-0.0509	0.0000	0.0000;
	47	1	58	11.8	0	0	1	1.00818657	-6.46679447	115	1	1.06	0.94	43.3726	0.2021	0.0000	0.0000;
	48	1	41	19	0	0	1	1.02101661	-3.44785374	115	1	1.06	0.94	42.2508	0.3471	0.0000	0.0000;
	49	1	92	26	0	0	1	1.03179788	-0.484090952	115	1	1.06	0.94	41.4564	0.2370	0.0000	0.0000;
	51	1	-5	5	0	0	1	1.03191556	-0.382119568	115	1	1.06	0.94	41.4144	0.2366	0.0000	0.0000;
	52	1	61	28	0	0	1	1.01087447	-1.75130545	115	1	1.06	0.94	42.1388	0.4820	0.0000	0.0000;
	53	1	69	3	0	0	1	1.01898117	-4.15442285	115	1	1.06	0.94	42.7128	0.1057	0.0000	0.0000;
	54	1	10	1	0	0	1	1.02766888	-2.77109607	115	1	1.06	0.94	42.0118	0.0401	0.0000	0.0000;
	55	1	22	10	0	0	1	1.03097902	-0.426106231	115	1	1.06	0.94	41.3027	0.0914	0.0000	0.0000;
	57	1	98	20	0	0	1	1.04295843	4.37701976	115	1	1.06	0.94	39.3020	0.0000	0.0000	0.0000;
	58	1	14	1	0	0	1	1.02288219	5.34945441	115	1	1.06	0.94	39.2038	0.3595	0.0000	0.0000;
	59	1	218	106	0	0	1	1.01702746	5.78490066	115	1	1.06	0.94	39.1312	0.3829	0.0000	0.0000;
	60	1	0	0	0	0	1	1.05999989	4.04649784	230	1	1.06	0.94	40.3846	-0.2984	1394.8400	0.0000;
	61	1	227	110	0	0	1	1.03173102	7.39320037	115	1	1.06	0.94	38.8062	0.1741	0.0000	0.0000;
	62	1	0	0	0	0	1	1.05459728	10.1350208	230	1	1.06	0.94	39.0354	0.2160	0.0000	0.0000;
	63	2	70	30	0	0	1	1.03534266	-0.773890774	115	1	1.06	0.94	41.2471	1.0281	0.0000	0.0000;
	64	1	0	0	0	0	1	1.02104874	2.19751848	230	1	1.06	0.94	41.1069	0.8910	0.0000	0.0000;
	69	1	0	0	0	0	1	0.998375561	-5.13039372	115	1	1.06	0.94	43.0648	0.6415	0.0000	0.0000;
	70	1	56	20	0	0	1	0.987589211	-13.0049401	115	1	1.06	0.94	46.2404	0.0970	0.0000	0.0000;
	71	1	116	38	0	0	1	1.01382706	-8.08466916	115	1	1.06	0.94	43.7227	0.0000	0.0000	0.0000;
	72	1	57	19	0	0	1	1.00711739	-5.81637281	115	1	1.06	0.94	42.6566	0.3303	0.0000	0.0000;
	73	1	224	71	0	0	1	1.0117187	-5.68252851	115	1	1.06	0.94	42.6997	0.2086	0.0000	0.0000;
	74	1	0	0	0	0	1	1.03130169	-3.13508059	230	1	1.06	0.94	42.4746	0.1354	0.0000	0.0000;
	76	2	208	107	0	0	1	1.00456387	-4.67150722	115	1	1.06	0.94	42.4850	0.4672	0.0000	0.0000;
	77	1	74	28	0	0	1	1.02139029	-3.40830606	115	1	1.06	0.94	41.7607	0.1991	0.0000	0.0000;
	78	1	0	0	0	0	1	1.0272592	-2.60665447	115	1	1.06	0.94	41.5438	0.1427	0.0000	0.0000;
	79	1	48	14	0	0	1	1.01834559	-3.91579803	115	1	1.06	0.94	42.0666	0.2369	0.0000	0.0000;
	80	1	28	7	0	0	1	1.02219965	-3.29229176	115	1	1.06	0.94	41.9759	0.1589	0.0000	0.0000;
	81	1	0	0	0	0	1	1.05709935	0.437857972	345	1	1.06	0.94	41.8111	-0.1645	0.0000	0.0000;
	84	2	37	13	0	0	1	1.05999961	4.35519012	115	1	1.06	0.94	41.5264	0.0000	410.1205	0.0000;
	85	1	0	0	0	0	1	1.0145492	-4.422807	230	1	1.06	0.94	43.7780	0.0749	0.0000	0.0000;
	86	1	0	0	0	0	1	1.0180396	-1.78602916	230	1	1.06	0.94	42.8176	0.1774	0.0000	0.0000;
	87	1	0	0	0	0	1	1.01508609	3.08658269	230	1	1.06	0.94	41.5493	0.3612	0.0000	0.0000;
	88	1	0	0	0	0	1	1.04517238	-1.50805863	230	1	1.06	0.94	41.9203	-0.0338	0.0000	0.0000;
	89	1	44.2	0	0	0	1	1.0399135	0.612056791	115	1	1.06	0.94	41.5266	0.0217	0.0000	0.0000;
	90	1	66	0	0	0	1	1.04035101	0.308850005	115	1	1.06	0.94	41.2473	0.1001	0.0000	0.0000;
	91	2	17.4	0	0	0	1	1.05645145	2.79347154	115	1	1.06	0.94	40.2702	-0.0000	0.0000	0.0000;
	92	2	15.8	0	0	0	1	1.05999973	5.95609973	115	1	1.06	0.94	39.6904	0.0000	579.0636	0.0000;
	94	1	60.3	0	0	0	1	1.01147393	1.72246486	115	1	1.06	0.94	41.3776	0.5156	0.0000	0.0000;
	97	1	39.9	0	0	0	1	1.03713569	-0.824942272	115	1	1.06	0.94	41.6899	0.0851	0.0000	0.0000;
	98	2	66.7	0	0	0	1	1.03494334	-2.03769282	115	1	1.06	0.94	42.3110	-0.0000	0.0000	0.0000;
	99	1	83.5	0	0	0	1	1.01457136	-6.38889477	115	1	1.06	0.94	44.1243	0.0230	0.0000	0.0000;
	100	1	0	0	0	0	1	1.03219286	-1.9278523	115	1	1.06	0.94	42.2586	0.0814	0.0000	0.0000;
	102	1	77.8	0	0	0	1	1.02682588	-2.64854736	115	1	1.06	0.94	42.6439	0.1335	0.0000	0.0000;
	103	1	32	0	0	0	1	1.04341119	0.427858516	115	1	1.06	0.94	40.9070	0.1722	0.0000	0.0000;
	104	1	8.6	0	0	0	1	1.02237781	-4.27421843	115	1	1.06	0.94	43.4657	-0.1036	0.0000	0.0000;
	105	1	49.6	0	0	0	1	1.03770354	-0.304186316	115	1	1.06	0.94	41.2712	0.2255	0.0000	0.0000;
	107	1	4.6	0	0	0	1	1.02862598	-3.11769258	115	1	1.06	0.94	42.0120	0.2653	0.0000	0.0000;
	108	2	112.1	0	0	0	1	1.01527296	-6.33270568	115	1	1.06	0.94	44.1058	-0.0000	0.0000	0.0000;
	109	1	30.7	0	0	0	1	1.00298819	-10.710174	115	1	1.06	0.94	45.5870	-0.2806	0.0000	0.0000;
