function mpc = case39
%CASE39

%% MATPOWER Case Format : Version 2
mpc.version = '2';

%%-----  Power Flow Data  -----%%
%% system MVA base
mpc.baseMVA = 100;

%% bus data
%	bus_i	type	Pd	Qd	Gs	Bs	area	Vm	Va	baseKV	zone	Vmax	Vmin	lam_P	lam_Q	mu_Vmax	mu_Vmin
mpc.bus = [
	1	1	97.6	44.2	0	0	2	1.04116895	-13.3766791	345	1	1.06	0.94	14.0297	-0.0128	0.0000	0.0000;
	2	1	0	0	0	0	2	1.05440981	-5.43405171	345	1	1.06	0.94	13.7188	-0.0577	0.0000	0.0000;
	3	1	322	2.4	0	0	2	1.04552465	-8.97742129	345	1	1.06	0.94	13.8347	-0.0155	0.0000	0.0000;
	4	1	500	184	0	0	1	1.03534689	-10.3931659	345	1	1.06	0.94	13.8763	0.0319	0.0000	0.0000;
	5	1	0	0	0	0	1	1.04390612	-9.69307544	345	1	1.06	0.94	13.8574	0.0305	0.0000	0.0000;
	6	1	0	0	0	0	1	1.04794727	-9.00577534	345	1	1.06	0.94	13.8313	0.0255	0.0000	0.0000;
	7	1	233.8	84	0	0	1	1.03568591	-11.4218075	345	1	1.06	0.94	13.9144	0.0441	0.0000	0.0000;
	8	1	522	176.6	0	0	1	1.03378218	-12.0812176	345	1	1.06	0.94	13.9448	0.0459	0.0000	0.0000;
	9	1	6.5	-66.6	0	0	1	1.05650802	-15.0794949	345	1	1.06	0.94	14.0474	-0.0089	0.0000	0.0000;
	10	1	0	0	0	0	1	1.05979955	-6.56975607	345	1	1.06	0.94	13.7244	0.0049	2.9481	0.0000;
	11	1	0	0	0	0	1	1.05453319	-7.39578023	345	1	1.06	0.94	13.7626	0.0155	0.0000	0.0000;
	12	1	8.53	88	0	0	1	1.04206332	-7.34870026	345	1	1.06	0.94	13.7595	0.0338	0.0000	0.0000;
	13	1	0	0	0	0	1	1.05425512	-7.18080128	345	1	1.06	0.94	13.7528	0.0142	0.0000	0.0000;
	14	1	0	0	0	0	1	1.0448191	-8.60610855	345	1	1.06	0.94	13.8152	0.0256	0.0000	0.0000;
	15	1	320	153	0	0	3	1.03586919	-8.70350596	345	1	1.06	0.94	13.8101	0.0408	0.0000	0.0000;
	16	1	329	32.3	0	0	3	1.04638348	-7.21186625	345	1	1.06	0.94	13.7332	0.0171	0.0000	0.0000;
	17	1	0	0	0	0	2	1.04740976	-8.32267995	345	1	1.06	0.94	13.7693	-0.0057	0.0000	0.0000;
	18	1	158	30	0	0	2	1.04545377	-8.98925717	345	1	1.06	0.94	13.8114	-0.0080	0.0000	0.0000;
	19	1	0	0	0	0	3	1.05999989	-2.47363427	345	1	1.06	0.94	13.5448	0.0103	149.2606	0.0000;
	20	1	680	103	0	0	3	0.996816215	-3.85253327	345	1	1.06	0.94	13.5794	0.0226	0.0000	0.0000;
	21	1	274	115	0	0	3	1.04406715	-4.72966078	345	1	1.06	0.94	13.6589	0.0288	0.0000	0.0000;
	22	1	0	0	0	0	3	1.05962783	-0.233813383	345	1	1.06	0.94	13.5299	0.0090	0.1619	0.0000;
	23	1	247.5	84.6	0	0	3	1.05223989	-0.386652969	345	1	1.06	0.94	13.5333	0.0202	0.0000	0.0000;
	24	1	308.6	-92.2	0	0	3	1.05080258	-7.05276378	345	1	1.06	0.94	13.7301	0.0127	0.0000	0.0000;
	25	1	224	47.2	0	0	2	1.05999995	-4.54355188	345	1	1.06	0.94	13.4478	-0.0091	335.1566	0.0000;
	26	1	139	17	0	0	2	1.05999996	-7.56769718	345	1	1.06	0.94	13.6509	-0.0792	481.2147	0.0000;
	27	1	281	75.5	0	0	2	1.04869569	-9.05102978	345	1	1.06	0.94	13.7531	-0.0360	0.0000	0.0000;
	28	1	206	27.6	0	0	3	1.0553777	-6.19906065	345	1	1.06	0.94	13.5991	-0.0394	0.0000	0.0000;
	29	1	283.5	26.9	0	0	3	1.05318161	-4.13470876	345	1	1.06	0.94	13.5127	-0.0196	0.0000	0.0000;
	30	2	0	0	0	0	2	1.04632939	1.05047115	345	1	1.06	0.94	13.7318	-0.0565	0.0000	0.0000;
	31	3	9.2	4.6	0	0	1	1.03843334	0	345	1	1.06	0.94	13.8236	0.0233	0.0000	0.0000;
	32	2	0	0	0	0	1	1.03972325	0.919841088	345	1	1.06	0.94	13.7232	0.0046	0.0000	0.0000;
	33	2	0	0	0	0	3	1.00721568	2.80390588	345	1	1.06	0.94	13.4206	-0.0000	0.0000	0.0000;
	34	2	0	0	0	0	3	1.01322101	1.31652041	345	1	1.06	0.94	13.4539	0.0000	0.0000	0.0000;
	35	2	0	0	0	0	3	1.05999977	4.7179989	345	1	1.06	0.94	13.5291	0.0000	65.0832	0.0000;
	36	2	0	0	0	0	3	1.05999982	7.72887116	345	1	1.06	0.94	13.4593	-0.0000	89.5949	0.0000;
	37	2	0	0	0	0	2	1.03160877	2.49869152	345	1	1.06	0.94	13.3635	-0.0000	0.0000	0.0000;
	38	2	0	0	0	0	3	1.02273754	1.45135676	345	1	1.06	0.94	13.3807	-0.0000	0.0000	0.0000;
	39	2	1104	250	0	0	1	1.03795707	-16.9453403	345	1	1.06	0.94	14.0918	-0.0000	0.0000	0.0000;
];

%% generator data
%	bus	Pg	Qg	Qmax	Qmin	Vg	mBase	status	Pmax	Pmin	Pc1	Pc2	Qc1min	Qc1max	Qc2min	Qc2max	ramp_agc	ramp_10	ramp_30	ramp_q	apf	mu_Pmax	mu_Pmin	mu_Qmax	mu_Qmin
mpc.gen = [
	30	671.588553	140.000339	400	140	1.04632939	100	1	1040	0	0	0	0	0	0	0	0	0	0	0	0	0.0000	0.0000	0.0000	0.0565;
	31	645.999966	299.999911	300	-100	1.03843334	100	1	646	0	0	0	0	0	0	0	0	0	0	0	0	0.6036	0.0000	0.0233	0.0000;
	32	671.159956	299.99402	300	150	1.03972325	100	1	725	0	0	0	0	0	0	0	0	0	0	0	0	0.0000	0.0000	0.0046	0.0000;
	33	651.999663	115.119277	250	0	1.00721568	100	1	652	0	0	0	0	0	0	0	0	0	0	0	0	0.0806	0.0000	0.0000	0.0000;
	34	507.999993	139.607563	167	0	1.01322101	100	1	508	0	0	0	0	0	0	0	0	0	0	0	0	2.9939	0.0000	0.0000	0.0000;
	35	661.454504	222.933228	300	-100	1.05999977	100	1	687	0	0	0	0	0	0	0	0	0	0	0	0	0.0000	0.0000	0.0000	0.0000;
	36	579.999987	60.6452188	240	0	1.05999982	100	1	580	0	0	0	0	0	0	0	0	0	0	0	0	1.5593	0.0000	0.0000	0.0000;
	37	563.999989	8.82080081	250	0	1.03160877	100	1	564	0	0	0	0	0	0	0	0	0	0	0	0	1.7835	0.0000	0.0000	0.0000;
	38	654.034812	-32.7354549	300	-150	1.02273754	100	1	865	0	0	0	0	0	0	0	0	0	0	0	0	0.0000	0.0000	0.0000	0.0000;
	39	689.58902	81.8864845	300	-100	1.03795707	100	1	1100	0	0	0	0	0	0	0	0	0	0	0	0	0.0000	0.0000	0.0000	0.0000;
];

%% branch data
%	fbus	tbus	r	x	b	rateA	rateB	rateC	ratio	angle	status	angmin	angmax	Pf	Qf	Pt	Qt	mu_Sf	mu_St	mu_angmin	mu_angmax
