function mpc = case118
%CASE118

%% MATPOWER Case Format : Version 2
mpc.version = '2';

%%-----  Power Flow Data  -----%%
%% system MVA base
mpc.baseMVA = 100;

%% bus data
%	bus_i	type	Pd	Qd	Gs	Bs	area	Vm	Va	baseKV	zone	Vmax	Vmin	lam_P	lam_Q	mu_Vmax	mu_Vmin
mpc.bus = [
	1	2	51	27	0	0	1	1.03316796	17.0951497	138	1	1.06	0.94	40.5296	0.2814	0.0000	0.0000;
	2	1	20	9	0	0	1	1.03879603	17.1925494	138	1	1.06	0.94	40.4902	0.1681	0.0000	0.0000;
	3	1	39	10	0	0	1	1.03800257	17.5399043	138	1	1.06	0.94	40.3024	0.2271	0.0000	0.0000;
	4	2	39	12	0	0	1	1.05999943	20.1340143	138	1	1.06	0.94	39.3325	0.0000	54.9826	0.0000;
	5	1	0	0	0	-40	1	1.05745199	20.5766075	138	1	1.06	0.94	39.2209	0.0661	0.0000	0.0000;
	6	2	52	22	0	0	1	1.05269587	18.2871441	138	1	1.06	0.94	39.9718	0.0000	0.0000	0.0000;
	7	1	19	2	0	0	1	1.05101825	17.9892137	138	1	1.06	0.94	40.0896	0.0032	0.0000	0.0000;
	8	2	28	0	0	0	1	1.04098748	24.7030227	345	1	1.06	0.94	39.2301	-0.0000	0.0000	0.0000;
	9	1	0	0	0	0	1	1.05999995	30.9493288	345	1	1.06	0.94	38.5531	-0.1368	641.1555	0.0000;
	10	2	0	0	0	0	1	1.05297996	37.6488957	345	1	1.06	0.94	37.8609	-0.0000	0.0000	0.0000;
	11	1	70	23	0	0	1	1.04600518	18.1530887	138	1	1.06	0.94	40.1291	0.1043	0.0000	0.0000;
	12	2	47	10	0	0	1	1.04995491	17.8321931	138	1	1.06	0.94	40.1865	0.0000	0.0000	0.0000;
	13	1	34	16	0	0	1	1.03447617	17.0331518	138	1	1.06	0.94	40.6395	0.2418	0.0000	0.0000;
	14	1	14	1	0	0	1	1.04880612	17.2713163	138	1	1.06	0.94	40.4099	-0.0304	0.0000	0.0000;
	15	2	90	30	0	0	1	1.04856034	17.2298926	138	1	1.06	0.94	40.4176	0.0000	0.0000	0.0000;
	16	1	25	10	0	0	1	1.04613668	17.5429524	138	1	1.06	0.94	40.2862	0.0584	0.0000	0.0000;
	17	1	11	3	0	0	1	1.05999924	19.1029872	138	1	1.06	0.94	39.6711	-0.0445	42.8584	0.0000;
	18	2	60	34	0	0	1	1.05032318	17.5272969	138	1	1.06	0.94	40.2645	0.0000	0.0000	0.0000;
	19	2	45	25	0	0	1	1.04777773	17.1573982	138	1	1.06	0.94	40.4316	0.0071	0.0000	0.0000;
	20	1	18	3	0	0	1	1.03617839	17.4699891	138	1	1.06	0.94	40.5408	0.1229	0.0000	0.0000;
	21	1	14	8	0	0	1	1.03132168	18.5175723	138	1	1.06	0.94	40.3658	0.2018	0.0000	0.0000;
	22	1	10	5	0	0	1	1.03456821	20.3835666	138	1	1.06	0.94	39.9376	0.1837	0.0000	0.0000;
	23	1	7	3	0	0	1	1.0487431	24.2058017	138	1	1.06	0.94	39.0011	0.0282	0.0000	0.0000;
	24	2	13	0	0	0	1	1.04620825	23.6854541	138	1	1.06	0.94	39.2956	-0.0000	0.0000	0.0000;
	25	2	0	0	0	0	1	1.05999997	30.5431755	138	1	1.06	0.94	37.6194	-0.1322	1128.6133	0.0000;
	26	2	0	0	0	0	1	1.02678201	32.1641672	345	1	1.06	0.94	37.8192	-0.0000	0.0000	0.0000;
	27	2	71	13	0	0	1	1.04137184	19.8440837	138	1	1.06	0.94	40.1984	0.0000	0.0000	0.0000;
	28	1	17	7	0	0	1	1.03488089	18.4535701	138	1	1.06	0.94	40.6035	0.0612	0.0000	0.0000;
	29	1	24	4	0	0	1	1.03543118	17.7114014	138	1	1.06	0.94	40.8083	0.0354	0.0000	0.0000;
	30	1	0	0	0	0	1	1.03119841	22.9794291	345	1	1.06	0.94	39.4583	-0.0174	0.0000	0.0000;
	31	2	43	27	0	0	1	1.03856229	17.8565014	138	1	1.06	0.94	40.7093	0.0000	0.0000	0.0000;
	32	2	59	23	0	0	1	1.04103996	19.4256458	138	1	1.06	0.94	40.2972	0.0000	0.0000	0.0000;
	33	1	23	9	0	0	1	1.04615188	16.7164017	138	1	1.06	0.94	40.5138	0.0669	0.0000	0.0000;
	34	2	59	26	0	14	1	1.05592268	17.3096161	138	1	1.06	0.94	40.0977	-0.0045	0.0000	0.0000;
	35	1	33	9	0	0	1	1.05397783	16.9744726	138	1	1.06	0.94	40.2063	0.0063	0.0000	0.0000;
	36	2	31	17	0	0	1	1.05425214	16.9864331	138	1	1.06	0.94	40.2132	0.0000	0.0000	0.0000;
	37	1	0	0	0	-25	1	1.05999953	17.7119424	138	1	1.06	0.94	39.9119	-0.0311	77.1106	0.0000;
	38	1	0	0	0	0	1	1.01502888	21.2814653	345	1	1.06	0.94	39.6654	0.0159	0.0000	0.0000;
	39	1	27	11	0	0	1	1.04244834	16.0287671	138	1	1.06	0.94	40.8275	0.0752	0.0000	0.0000;
	40	2	66	23	0	0	1	1.04248244	15.8293012	138	1	1.06	0.94	40.9864	0.0000	0.0000	0.0000;
	41	1	37	10	0	0	1	1.03545885	15.398146	138	1	1.06	0.94	41.2477	0.0655	0.0000	0.0000;
	42	2	96	23	0	0	1	1.04061732	16.6973378	138	1	1.06	0.94	40.8199	0.0000	0.0000	0.0000;
	43	1	18	7	0	0	1	1.03996935	16.5916217	138	1	1.06	0.94	40.8417	0.0170	0.0000	0.0000;
	44	1	16	8	0	10	1	1.03090018	17.8342274	138	1	1.06	0.94	41.1236	-0.0241	0.0000	0.0000;
	45	1	53	22	0	10	1	1.02526414	19.1643091	138	1	1.06	0.94	40.9478	0.0820	0.0000	0.0000;
	46	2	28	10	0	10	1	1.03771975	21.4867754	138	1	1.06	0.94	40.0410	-0.0000	0.0000	0.0000;
	47	1	34	0	0	0	1	1.04501482	23.3237737	138	1	1.06	0.94	39.3550	-0.0156	0.0000	0.0000;
	48	1	20	11	0	15	1	1.04730123	22.8983415	138	1	1.06	0.94	39.3989	-0.0790	0.0000	0.0000;
	49	2	87	30	0	0	1	1.04956134	23.8783294	138	1	1.06	0.94	38.9541	-0.0000	0.0000	0.0000;
	50	1	17	4	0	0	1	1.03920977	22.0735437	138	1	1.06	0.94	39.6926	0.0526	0.0000	0.0000;
	51	1	17	8	0	0	1	1.02221299	19.8118918	138	1	1.06	0.94	40.6590	0.2146	0.0000	0.0000;
	52	1	18	5	0	0	1	1.01664697	18.9783556	138	1	1.06	0.94	41.0146	0.2390	0.0000	0.0000;
	53	1	23	11	0	0	1	1.01629733	18.2257725	138	1	1.06	0.94	41.0919	0.1946	0.0000	0.0000;
	54	2	113	32	0	0	1	1.03124568	19.1050345	138	1	1.06	0.94	40.6426	0.0000	0.0000	0.0000;
	55	2	63	22	0	0	1	1.03116906	19.043776	138	1	1.06	0.94	40.6427	0.0000	0.0000	0.0000;
	56	2	84	18	0	0	1	1.03088863	19.1002233	138	1	1.06	0.94	40.6512	0.0028	0.0000	0.0000;
	57	1	12	3	0	0	1	1.03174617	19.9893714	138	1	1.06	0.94	40.4286	0.0364	0.0000	0.0000;
	58	1	12	3	0	0	1	1.02385148	19.2433332	138	1	1.06	0.94	40.7939	0.1338	0.0000	0.0000;
	59	2	277	113	0	0	1	1.04678148	21.7045118	138	1	1.06	0.94	39.3167	0.0000	0.0000	0.0000;
	60	1	78	3	0	0	1	1.04574057	24.6056229	138	1	1.06	0.94	38.7444	0.0033	0.0000	0.0000;
	61	2	0	0	0	0	1	1.04811894	25.3657997	138	1	1.06	0.94	38.5518	-0.0000	0.0000	0.0000;
	62	2	77	14	0	0	1	1.04384115	24.8578329	138	1	1.06	0.94	38.7452	0.0000	0.0000	0.0000;
	63	1	0	0	0	0	1	1.01567038	24.3602594	345	1	1.06	0.94	38.9622	0.0040	0.0000	0.0000;
	64	1	0	0	0	0	1	1.02270947	25.805495	345	1	1.06	0.94	38.5950	-0.0246	0.0000	0.0000;
	65	2	0	0	0	0	1	1.01556227	28.6093421	345	1	1.06	0.94	38.0172	-0.0059	0.0000	0.0000;
	66	2	39	18	0	0	1	1.05999998	28.8699347	138	1	1.06	0.94	37.7989	-0.2150	1515.9180	0.0000;
	67	1	28	7	0	0	1	1.04655616	26.2534036	138	1	1.06	0.94	38.4636	-0.0647	0.0000	0.0000;
	68	1	0	0	0	0	1	1.01464409	28.0030425	345	1	1.06	0.94	37.9447	0.0034	0.0000	0.0000;
	69	3	0	0	0	0	1	1.05999996	30	138	1	1.06	0.94	37.5703	-0.0000	827.6431	0.0000;
	70	2	66	20	0	0	1	1.03926405	23.6942047	138	1	1.06	0.94	39.7266	0.0000	0.0000	0.0000;
	71	1	0	0	0	0	1	1.03945798	23.4751453	138	1	1.06	0.94	39.7619	-0.0102	0.0000	0.0000;
	72	2	12	0	0	0	1	1.03979609	22.9831931	138	1	1.06	0.94	39.7430	-0.0000	0.0000	0.0000;
	73	2	6	0	0	0	1	1.03826204	23.3378147	138	1	1.06	0.94	39.8002	-0.0000	0.0000	0.0000;
	74	2	68	27	0	12	1	1.02192359	22.9076238	138	1	1.06	0.94	40.3386	0.2291	0.0000	0.0000;
	75	1	47	11	0	0	1	1.02415679	23.7764201	138	1	1.06	0.94	40.0355	0.2600	0.0000	0.0000;
	76	2	68	36	0	0	1	1.01180773	22.90374	138	1	1.06	0.94	40.4571	0.4447	0.0000	0.0000;
	77	2	61	28	0	0	1	1.04705768	26.1211033	138	1	1.06	0.94	38.9428	0.0146	0.0000	0.0000;
	78	1	71	26	0	0	1	1.04237867	25.8468741	138	1	1.06	0.94	39.0467	0.0908	0.0000	0.0000;
	79	1	39	32	0	20	1	1.04368926	26.1213829	138	1	1.06	0.94	38.9024	0.1022	0.0000	0.0000;
	80	2	130	26	0	0	1	1.05999988	28.2512976	138	1	1.06	0.94	38.0646	-0.0000	254.6417	0.0000;
	81	1	0	0	0	0	1	1.01075031	28.1093318	345	1	1.06	0.94	37.9834	0.0155	0.0000	0.0000;
	82	1	54	27	0	20	1	1.03770028	25.4735412	138	1	1.06	0.94	39.1261	0.1168	0.0000	0.0000;
	83	1	20	10	0	10	1	1.04001428	25.9185326	138	1	1.06	0.94	38.9001	0.0944	0.0000	0.0000;
	84	1	11	7	0	0	1	1.04273833	27.1722514	138	1	1.06	0.94	38.2966	0.1820	0.0000	0.0000;
	85	2	24	15	0	0	1	1.05050155	28.0655669	138	1	1.06	0.94	37.7737	0.1037	0.0000	0.0000;
	86	1	21	10	0	0	1	1.04431701	26.9510827	138	1	1.06	0.94	38.2025	0.1174	0.0000	0.0000;
	87	2	0	0	0	0	1	1.05709418	27.2529816	161	1	1.06	0.94	38.1310	-0.0000	0.0000	0.0000;
	88	1	48	10	0	0	1	1.04814835	30.1672486	138	1	1.06	0.94	37.3068	0.1167	0.0000	0.0000;
	89	2	0	0	0	0	1	1.05999997	33.3314003	138	1	1.06	0.94	36.5352	-0.0000	1215.6776	0.0000;
	90	2	163	42	0	0	1	1.04178133	27.9181503	138	1	1.06	0.94	38.2863	0.0000	0.0000	0.0000;
