function mpc = case57
%CASE57

%% MATPOWER Case Format : Version 2
mpc.version = '2';

%%-----  Power Flow Data  -----%%
%% system MVA base
mpc.baseMVA = 100;

%% bus data
%	bus_i	type	Pd	Qd	Gs	Bs	area	Vm	Va	baseKV	zone	Vmax	Vmin	lam_P	lam_Q	mu_Vmax	mu_Vmin
mpc.bus = [
	1	3	55	17	0	0	1	1.0093022	0	0	1	1.06	0.94	42.1304	0.0000	0.0000	0.0000;
	2	2	3	88	0	0	1	1.00756528	0.820796566	0	1	1.06	0.94	41.7563	0.1583	0.0000	0.0000;
	3	2	41	21	0	0	1	1.00327081	-1.16928516	0	1	1.06	0.94	42.5361	0.0000	0.0000	0.0000;
	4	1	0	0	0	0	1	1.00647096	-1.06550129	0	1	1.06	0.94	42.4987	0.0112	0.0000	0.0000;
	5	1	13	4	0	0	1	1.01579977	-0.0349334058	0	1	1.06	0.94	42.0073	0.0459	0.0000	0.0000;
	6	2	75	2	0	0	1	1.02566431	0.880770248	0	1	1.06	0.94	41.4578	-0.0000	0.0000	0.0000;
	7	1	0	0	0	0	1	1.02438036	1.66641021	0	1	1.06	0.94	41.2331	0.1698	0.0000	0.0000;
	8	2	150	22	0	0	1	1.04380793	4.72394736	0	1	1.06	0.94	40.4366	0.0000	0.0000	0.0000;
	9	2	121	26	0	0	1	1.00405985	-0.0905858507	0	1	1.06	0.94	41.9539	0.2474	0.0000	0.0000;
	10	1	5	2	0	0	1	0.984224297	-3.57920756	0	1	1.06	0.94	43.2071	0.2376	0.0000	0.0000;
	11	1	0	0	0	0	1	0.983845599	-2.24364508	0	1	1.06	0.94	43.0109	0.3936	0.0000	0.0000;
	12	2	377	24	0	0	1	0.991849806	-3.48822825	0	1	1.06	0.94	43.3249	0.0000	0.0000	0.0000;
	13	1	18	2.3	0	0	1	0.977641727	-3.15665506	0	1	1.06	0.94	43.4189	0.2323	0.0000	0.0000;
	14	1	10.5	5.3	0	0	1	0.970308089	-3.5174391	0	1	1.06	0.94	43.5216	0.0978	0.0000	0.0000;
	15	1	22	5	0	0	1	0.988139782	-2.54510497	0	1	1.06	0.94	43.0650	0.0961	0.0000	0.0000;
	16	1	43	3	0	0	1	0.990942879	-3.94918898	0	1	1.06	0.94	43.4708	0.0189	0.0000	0.0000;
	17	1	42	8	0	0	1	0.992758447	-2.89116465	0	1	1.06	0.94	43.1181	0.0878	0.0000	0.0000;
	18	1	27.2	9.8	0	10	1	1.02629477	-5.29725055	0	1	1.06	0.94	42.5329	-0.0168	0.0000	0.0000;
	19	1	3.3	0.6	0	0	1	0.988375055	-6.66444163	0	1	1.06	0.94	44.5571	0.6691	0.0000	0.0000;
	20	1	2.3	1	0	0	1	0.977077374	-6.83654397	0	1	1.06	0.94	44.9947	0.9155	0.0000	0.0000;
	21	1	0	0	0	0	1	1.01514254	-6.5240592	0	1	1.06	0.94	45.1091	0.7186	0.0000	0.0000;
	22	1	0	0	0	0	1	1.01508254	-6.46127541	0	1	1.06	0.94	45.0645	0.7110	0.0000	0.0000;
	23	1	6.3	2.1	0	0	1	1.01438299	-6.46845307	0	1	1.06	0.94	45.1344	0.7416	0.0000	0.0000;
	24	1	0	0	0	0	1	1.01719954	-5.84843354	0	1	1.06	0.94	45.3648	1.0083	0.0000	0.0000;
	25	1	6.3	3.2	0	5.9	1	1.00073031	-10.7724514	0	1	1.06	0.94	45.6294	1.2272	0.0000	0.0000;
	26	1	0	0	0	0	1	0.97616663	-5.33352299	0	1	1.06	0.94	45.4404	1.0730	0.0000	0.0000;
	27	1	9.3	0.5	0	0	1	1.01274966	-2.85613837	0	1	1.06	0.94	43.3251	0.7076	0.0000	0.0000;
	28	1	4.6	2.3	0	0	1	1.03323282	-1.5080534	0	1	1.06	0.94	42.1001	0.4912	0.0000	0.0000;
	29	1	17	2.6	0	0	1	1.05033997	-0.624596626	0	1	1.06	0.94	41.1482	0.2368	0.0000	0.0000;
	30	1	3.6	1.8	0	0	1	0.979997011	-11.3595421	0	1	1.06	0.94	46.7502	1.8563	0.0000	0.0000;
	31	1	5.8	2.9	0	0	1	0.950817585	-12.158041	0	1	1.06	0.94	48.3833	2.7806	0.0000	0.0000;
	32	1	1.6	0.8	0	0	1	0.960101873	-11.5506463	0	1	1.06	0.94	47.6077	2.5101	0.0000	0.0000;
	33	1	3.8	1.9	0	0	1	0.957832362	-11.5894741	0	1	1.06	0.94	47.7701	2.5915	0.0000	0.0000;
	34	1	0	0	0	0	1	0.966746763	-7.62393083	0	1	1.06	0.94	47.4032	2.2398	0.0000	0.0000;
	35	1	6	3	0	0	1	0.973140594	-7.40523438	0	1	1.06	0.94	47.0228	2.0323	0.0000	0.0000;
	36	1	0	0	0	0	1	0.982246859	-7.15007122	0	1	1.06	0.94	46.4490	1.7390	0.0000	0.0000;
	37	1	0	0	0	0	1	0.990636109	-6.99644681	0	1	1.06	0.94	46.0317	1.4403	0.0000	0.0000;
	38	1	14	7	0	0	1	1.01642924	-6.43137247	0	1	1.06	0.94	44.9174	0.6498	0.0000	0.0000;
	39	1	0	0	0	0	1	0.988767541	-7.02195395	0	1	1.06	0.94	46.1143	1.4910	0.0000	0.0000;
	40	1	0	0	0	0	1	0.979559304	-7.14181382	0	1	1.06	0.94	46.4876	1.8426	0.0000	0.0000;
	41	1	6.3	3	0	0	1	1.00667195	-6.41391759	0	1	1.06	0.94	43.0529	0.8574	0.0000	0.0000;
	42	1	7.1	4.4	0	0	1	0.974989603	-8.0373889	0	1	1.06	0.94	45.3353	1.5400	0.0000	0.0000;
	43	1	2	1	0	0	1	1.01985412	-3.47901986	0	1	1.06	0.94	43.0177	0.5190	0.0000	0.0000;
	44	1	12	1.8	0	0	1	1.01911831	-5.91099664	0	1	1.06	0.94	44.5152	0.5901	0.0000	0.0000;
	45	1	0	0	0	0	1	1.03476669	-4.06471893	0	1	1.06	0.94	43.0211	0.3304	0.0000	0.0000;
	46	1	0	0	0	0	1	1.05999983	-5.09051605	0	1	1.06	0.94	43.4675	-0.6522	1284.0335	0.0000;
	47	1	29.7	11.6	0	0	1	1.03446432	-6.29801885	0	1	1.06	0.94	44.2350	-0.0637	0.0000	0.0000;
	48	1	0	0	0	0	1	1.02938787	-6.32912157	0	1	1.06	0.94	44.4410	0.1791	0.0000	0.0000;
	49	1	18	8.5	0	0	1	1.03773046	-6.33890299	0	1	1.06	0.94	44.1259	0.1078	0.0000	0.0000;
	50	1	21	10.5	0	0	1	1.02411415	-6.4002453	0	1	1.06	0.94	44.6739	0.6185	0.0000	0.0000;
	51	1	18	5.3	0	0	1	1.05204011	-4.81741268	0	1	1.06	0.94	43.1527	0.2127	0.0000	0.0000;
	52	1	4.9	2.2	0	0	1	1.01932341	-2.16217103	0	1	1.06	0.94	43.4436	0.8466	0.0000	0.0000;
	53	1	20	10	0	6.3	1	1.00900057	-2.82855123	0	1	1.06	0.94	44.3930	0.9914	0.0000	0.0000;
	54	1	4.1	1.4	0	0	1	1.02933459	-2.19307826	0	1	1.06	0.94	43.3909	0.6759	0.0000	0.0000;
	55	1	6.8	3.4	0	0	1	1.05864578	-1.22473202	0	1	1.06	0.94	41.9450	0.1765	1.4208	0.0000;
	56	1	7.6	2.2	0	0	1	0.974633898	-8.76406851	0	1	1.06	0.94	46.2424	1.2365	0.0000	0.0000;
	57	1	6.7	2	0	0	1	0.969928753	-9.42054316	0	1	1.06	0.94	46.8296	1.2624	0.0000	0.0000;
];

%% generator data
%	bus	Pg	Qg	Qmax	Qmin	Vg	mBase	status	Pmax	Pmin	Pc1	Pc2	Qc1min	Qc1max	Qc2min	Qc2max	ramp_agc	ramp_10	ramp_30	ramp_q	apf	mu_Pmax	mu_Pmin	mu_Qmax	mu_Qmin
mpc.gen = [
	1	142.630237	44.5993126	200	-140	1.0093022	100	1	575.88	0	0	0	0	0	0	0	0	0	0	0	0	0.0000	0.0000	0.0000	0.0000;
	2	87.8149512	49.9985351	50	-17	1.00756528	100	1	100	0	0	0	0	0	0	0	0	0	0	0	0	0.0000	0.0000	0.1583	0.0000;
	3	45.0722667	28.7666028	60	-10	1.00327081	100	1	140	0	0	0	0	0	0	0	0	0	0	0	0	0.0000	0.0000	0.0000	0.0000;
	6	72.8885945	7.76716208	25	-8	1.02566431	100	1	100	0	0	0	0	0	0	0	0	0	0	0	0	0.0000	0.0000	0.0000	0.0000;
	8	459.822945	87.1685324	200	-140	1.04380793	100	1	550	0	0	0	0	0	0	0	0	0	0	0	0	0.0000	0.0000	0.0000	0.0000;
	9	97.5485906	8.99910847	9	-3	1.00405985	100	1	100	0	0	0	0	0	0	0	0	0	0	0	0	0.0029	0.0000	0.2475	0.0000;
	12	361.535209	43.2625706	155	-150	0.991849806	100	1	410	0	0	0	0	0	0	0	0	0	0	0	0	0.0000	0.0000	0.0000	0.0000;
];

%% branch data
%	fbus	tbus	r	x	b	rateA	rateB	rateC	ratio	angle	status	angmin	angmax	Pf	Qf	Pt	Qt	mu_Sf	mu_St	mu_angmin	mu_angmax
