function mpc = case89pegase
%CASE89PEGASE

%% MATPOWER Case Format : Version 2
mpc.version = '2';

%%-----  Power Flow Data  -----%%
%% system MVA base
mpc.baseMVA = 100;

%% bus data
%	bus_i	type	Pd	Qd	Gs	Bs	area	Vm	Va	baseKV	zone	Vmax	Vmin	lam_P	lam_Q	mu_Vmax	mu_Vmin
mpc.bus = [
	89	1	0	0	0.199111	4.530599	0	1.00744886	-3.70209055	380	2	1.1	0.9	1.0129	0.0021	0.0000	0.0000;
	228	1	-23.43	57.4	0	0	0	1.06414562	-6.09417135	150	2	1.1	0.9	0.9997	-0.0016	0.0000	0.0000;
	271	1	96.7	26.8	0	0	0	1.04820322	-8.01479612	150	2	1.1	0.9	1.0105	0.0030	0.0000	0.0000;
	317	1	-0	-0	0.045946	-1.82203	0	1.05652772	-0.69773774	380	2	1.1	0.9	1.0001	-0.0007	0.0000	0.0000;
	659	1	-0	-0	0.174507	73.977052	0	1.0581786	-0.720911604	380	2	1.1	0.9	1.0002	0.0004	0.0000	0.0000;
	792	1	295.3	41.9	0	0	0	1.04806938	-7.06161041	150	2	1.1	0.9	1.0041	0.0011	0.0000	0.0000;
	913	3	0	0	0	0	0	1.03366362	0	380	2	1.1	0.9	1.0000	0.0000	0.0000	0.0000;
	955	1	244.2	152.7	0	0	0	1.00942427	-10.1197955	150	2	1.1	0.9	1.0261	0.0194	0.0000	0.0000;
	1037	1	-0	0	0	0.55	0	1.06059583	-1.78652705	380	2	1.1	0.9	1.0041	-0.0008	0.0000	0.0000;
	1163	1	-0	-0	0	16.04	0	1.02340449	-3.31238388	380	2	1.1	0.9	1.0076	0.0016	0.0000	0.0000;
	1317	1	149.3	-2	0	20.77	0	1.04792221	-1.45715296	380	2	1.1	0.9	1.0023	0.0001	0.0000	0.0000;
	1367	1	0	-0	0.175687	-1.509401	0	1.03248043	-1.73078615	380	2	1.1	0.9	1.0029	0.0000	0.0000	0.0000;
	1445	1	238.4	210.9	0	0	0	1.04830807	-5.7358038	220	2	1.1	0.9	1.0013	0.0070	0.0000	0.0000;
	1531	1	-0	0	0	0	0	1.0369547	-9.45446994	150	2	1.1	0.9	1.0163	-0.0024	0.0000	0.0000;
	1579	1	-0	0	0	16.56	0	1.01873925	-3.56061237	380	2	1.1	0.9	1.0112	-0.0007	0.0000	0.0000;
	1611	1	274.1	166.5	0	0.56	0	1.05393213	-7.31151711	150	2	1.1	0.9	1.0054	0.0026	0.0000	0.0000;
	1616	1	0	0	0	14.45	0	1.01347665	-3.05334135	380	2	1.1	0.9	1.0103	0.0020	0.0000	0.0000;
	1676	1	-0	0	0.171586	-1.4632	0	1.02308724	-3.33636338	380	2	1.1	0.9	1.0076	0.0016	0.0000	0.0000;
	1815	1	63.66	9.7	0	0	0	1.06685122	-6.01041698	220	2	1.1	0.9	1.0036	-0.0007	0.0000	0.0000;
	1968	1	118.4	137	0	0	0	1.03123457	-10.3751518	150	2	1.1	0.9	1.0262	0.0168	0.0000	0.0000;
	2107	2	0	0	0	0	0	1.03921664	0.41900924	380	2	1.1	0.9	1.0000	0.0006	0.0000	0.0000;
	2154	1	-357.45	33.05	0.29	-5.6	0	1.03476222	2.42223145	380	2	1.1	0.9	0.9986	0.0007	0.0000	0.0000;
	2168	1	8.6	-1.48	0	0	0	1.02437351	-12.1867432	150	2	1.1	0.9	1.0408	0.0175	0.0000	0.0000;
	2267	2	0	0	0	0	0	1.05216819	3.87682287	380	2	1.1	0.9	0.9881	0.0238	0.0000	0.0000;
	2268	1	0	-0	0.183167	22.675025	0	0.999137992	-4.04670779	380	2	1.1	0.9	1.0156	0.0073	0.0000	0.0000;
	2299	1	402.1	110.2	0	0	0	1.05343811	-8.83801014	150	2	1.1	0.9	1.0132	-0.0017	0.0000	0.0000;
	2441	1	0	-0	0.242534	1.143584	0	0.995399972	-4.09902149	380	2	1.1	0.9	1.0198	0.0117	0.0000	0.0000;
	2449	1	301.9	-103.2	0	0	0	1.09999999	-8.44917728	150	2	1.1	0.9	0.9972	-0.0823	386.8970	0.0000;
	2520	1	-0	-0	0.057433	3.80797	0	1.00835509	-3.77122171	380	2	1.1	0.9	1.0134	0.0018	0.0000	0.0000;
	2870	1	-0	0	0	0.62	0	1.06059585	-1.78652866	380	2	1.1	0.9	1.0041	-0.0008	0.0000	0.0000;
	2908	1	203.8	61	0	0.6	0	1.02985517	-9.21962153	150	2	1.1	0.9	1.0208	0.0108	0.0000	0.0000;
	3097	1	361.91	3.66	0	9.39	0	1.05580359	-2.40339396	380	2	1.1	0.9	1.0050	0.0005	0.0000	0.0000;
	3242	1	296.1	82.3	0	0	0	1.06267084	-7.21762825	150	2	1.1	0.9	1.0035	-0.0000	0.0000	0.0000;
	3279	1	0	0	0	0	0	1.04813915	-7.03212902	150	2	1.1	0.9	1.0041	0.0011	0.0000	0.0000;
	3493	1	226.3	61.1	0	0	0	1.05258285	-8.13152071	150	2	1.1	0.9	1.0278	0.0005	0.0000	0.0000;
	3506	1	0	0	0	0.6	0	1.0096544	-10.0852216	150	2	1.1	0.9	1.0261	0.0193	0.0000	0.0000;
	3659	2	0	0	0	0	0	1.04313269	1.00853212	380	2	1.1	0.9	0.9983	0.0000	0.0000	0.0000;
	4014	1	0	0	0	0	0	1.05929493	-7.36331006	150	2	1.1	0.9	1.0052	-0.0025	0.0000	0.0000;
	4423	1	-0	-0	0	0.33	0	1.05345996	-8.81783723	150	2	1.1	0.9	1.0131	-0.0017	0.0000	0.0000;
	4427	1	296.8	77.7	0	0	0	1.04689209	-9.17530667	150	2	1.1	0.9	1.0191	0.0018	0.0000	0.0000;
	4495	1	336.3	104.4	0	0	0	1.04956344	-9.3824384	150	2	1.1	0.9	1.0221	-0.0044	0.0000	0.0000;
	4586	2	0	0	0	0	0	1.06078419	-7.00406888	150	2	1.1	0.9	1.0000	-0.0031	0.0000	0.0000;
	4665	1	390.5	62.5	0	0	0	1.05074082	-9.8487279	150	2	1.1	0.9	1.0211	-0.0052	0.0000	0.0000;
	4929	1	37	8.7	0.070441	50.913893	0	1.06059315	-1.78651445	380	2	1.1	0.9	1.0041	-0.0008	0.0000	0.0000;
	5097	2	0	0	0	0	0	1.06261029	-7.2166311	150	2	1.1	0.9	1.0035	0.0000	0.0000	0.0000;
	5155	1	411.3	168	0	0	0	1.03997366	-9.15914256	150	2	1.1	0.9	1.0181	0.0051	0.0000	0.0000;
	5210	1	347.61	74.37	0	0	0	1.0488857	-5.37084405	220	2	1.1	0.9	0.9989	0.0101	0.0000	0.0000;
	5416	1	0	0	0	25.13	0	1.051119	4.22123171	380	2	1.1	0.9	0.9865	0.0251	0.0000	0.0000;
	5509	1	0	0	0.314057	17.296509	0	1.01068994	-4.41656554	380	2	1.1	0.9	1.0143	0.0005	0.0000	0.0000;
	5587	1	-0	-0	0	0.33	0	1.05269067	-8.0953767	150	2	1.1	0.9	0.9902	-0.0055	0.0000	0.0000;
	5762	1	0	0	0	2.23	0	1.03879923	0.688068477	380	2	1.1	0.9	0.9993	0.0007	0.0000	0.0000;
	5776	1	222.7	80.5	0	0	0	1.0851525	-8.56505546	150	2	1.1	0.9	1.0065	-0.0010	0.0000	0.0000;
	5848	1	0	-0	0.29	-0.42	0	1.02152586	-3.2161302	380	2	1.1	0.9	1.0099	-0.0012	0.0000	0.0000;
	5996	1	-0	-0	0.164188	4.023827	0	1.03875104	0.688298473	380	2	1.1	0.9	0.9993	0.0007	0.0000	0.0000;
	6069	1	-456.66	-131.97	0.285753	35.371068	0	0.982933435	-5.30456452	380	2	1.1	0.9	1.0240	0.0132	0.0000	0.0000;
	6233	2	0	0	0	0	0	1.05679352	-0.659686629	380	2	1.1	0.9	1.0000	-0.0003	0.0000	0.0000;
	6293	1	-0	0	0	33.66	0	0.99848905	-3.72575478	380	2	1.1	0.9	1.0184	0.0108	0.0000	0.0000;
	6542	1	355.98	-147.98	0	0	0	1.07921513	-8.40623033	220	2	1.1	0.9	1.0200	-0.0095	0.0000	0.0000;
	6704	1	-0	-0	0.211099	0.672832	0	1.015004	-3.18692148	380	2	1.1	0.9	1.0078	0.0014	0.0000	0.0000;
	6798	2	0	0	0	0	0	1.0610459	-0.599202665	380	2	1.1	0.9	0.9998	0.0000	0.0000	0.0000;
	6826	1	326.9	-82.3	0	0	0	1.08690889	-8.70265763	150	2	1.1	0.9	1.0061	-0.0023	0.0000	0.0000;
	6833	1	0	0	0.246363	4.841277	0	0.974200114	-6.03030771	380	2	1.1	0.9	1.0283	0.0151	0.0000	0.0000;
	7051	1	0	0	0	21.19	0	1.02786503	-3.12813859	380	2	1.1	0.9	1.0072	0.0016	0.0000	0.0000;
	7180	1	-0	0	0.234234	4.220723	0	0.976839364	-6.11924017	380	2	1.1	0.9	1.0280	0.0145	0.0000	0.0000;
	7279	2	0	0	0	0	0	1.05929493	-7.36331006	150	2	1.1	0.9	1.0052	-0.0025	0.0000	0.0000;
	7526	1	-179.73	-63.08	0	0	0	1.02745756	-2.45293238	380	2	1.1	0.9	1.0096	-0.0013	0.0000	0.0000;
	7563	1	531.7	-12.8	0	0	0	1.05410517	-10.0428835	150	2	1.1	0.9	1.0229	-0.0019	0.0000	0.0000;
	7637	1	0	0	0.29	6.18	0	1.04918336	10.2348834	380	2	1.1	0.9	-1.1394	0.4176	0.0000	0.0000;
	7762	1	-0	0	0.304243	48.453399	0	1.01710593	-2.34919253	380	2	1.1	0.9	1.0080	0.0021	0.0000	0.0000;
	7829	1	-114.36	30.04	0	0	0	1.07169342	-5.77552009	220	2	1.1	0.9	1.0037	-0.0011	0.0000	0.0000;
	7960	2	0	0	0	0	0	1.05993379	-0.657586756	380	2	1.1	0.9	1.0000	0.0001	0.0000	0.0000;
	8103	1	39.34	-10.7	0	0	0	1.01811464	-4.41448493	150	2	1.1	0.9	1.0086	0.0015	0.0000	0.0000;
	8179	1	-0	0	0.194464	19.1468	0	1.01134261	-3.5517635	380	2	1.1	0.9	1.0112	0.0017	0.0000	0.0000;
	8181	1	0	-0	0.210824	6.620599	0	1.01108577	-3.33052555	380	2	1.1	0.9	1.0109	0.0022	0.0000	0.0000;
	8229	1	0	0	0	0	0	1.0851525	-8.56505546	150	2	1.1	0.9	1.0065	-0.0010	0.0000	0.0000;
	8329	1	0	0	0.149712	2.04987	0	1.0524773	-1.19698666	380	2	1.1	0.9	1.0019	0.0019	0.0000	0.0000;
	8335	1	637.92	139.57	0	0	0	1.03694653	-9.4765428	150	2	1.1	0.9	1.0163	-0.0024	0.0000	0.0000;
	8420	1	-0	0	0	0	0	1.05422655	-7.2678302	150	2	1.1	0.9	1.0054	0.0026	0.0000	0.0000;
	8574	1	-0	0	0.447839	20.994738	0	1.01337673	-3.34446183	380	2	1.1	0.9	1.0095	0.0017	0.0000	0.0000;
	8581	1	-1299.13	-140.85	0	0	0	1.05348157	21.152598	380	2	1.1	0.9	-1.2935	0.4292	0.0000	0.0000;
	8605	2	0	0	0	0	0	1.03290667	-1.6706381	380	2	1.1	0.9	1.0027	0.0000	0.0000	0.0000;
	8847	1	-0	0	0.18076	-0.881251	0	1.02599914	-3.37419536	380	2	1.1	0.9	1.0078	0.0017	0.0000	0.0000;
	8921	1	0	0	0	16.37	0	1.01751037	-2.97767647	380	2	1.1	0.9	1.0077	0.0014	0.0000	0.0000;
